+----------------------+--------+--------+---------+---------+-----+-------+
| Name                 |  Lines |    LOC | Classes | Methods | M/C | LOC/M |
+----------------------+--------+--------+---------+---------+-----+-------+
| Controllers          |   1258 |    968 |      13 |      90 |   6 |     8 |
| Helpers              |    163 |    135 |       0 |       6 |   0 |    20 |
| Jobs                 |    102 |     67 |       3 |       3 |   1 |    20 |
| Models               |    628 |    458 |      14 |      37 |   2 |    10 |
| Mailers              |      4 |      4 |       1 |       0 |   0 |     0 |
| Views                |   2924 |   2642 |       0 |       1 |   0 |  2640 |
| Stylesheets          |   1000 |    771 |       0 |       0 |   0 |     0 |
| JavaScript           |   1005 |    818 |       0 |       2 |   0 |   407 |
| Libraries            |    377 |    306 |       0 |       5 |   0 |    59 |
| Controller tests     |    598 |    413 |      12 |      65 |   5 |     4 |
| Helper tests         |      0 |      0 |       0 |       0 |   0 |     0 |
| Model tests          |   1521 |   1173 |      12 |     204 |  17 |     3 |
| Mailer tests         |      0 |      0 |       0 |       0 |   0 |     0 |
| Integration tests    |      0 |      0 |       0 |       0 |   0 |     0 |
| System tests         |      0 |      0 |       0 |       0 |   0 |     0 |
+----------------------+--------+--------+---------+---------+-----+-------+
| Total                |   9580 |   7755 |      55 |     413 |   7 |    16 |
+----------------------+--------+--------+---------+---------+-----+-------+
  Code LOC: 6169     Test LOC: 1586     Code to Test Ratio: 1:0.3

